2, 48
1, 40
3, 58
37, 36
1, 37
84, 8
109, 68
59, 35
122, 26
90, 18
18, 7
136, 13
13, 41
80, 6
117, 6
29, 37
63, 52
94, 49
61, 34
51, 4
47, 40
39, 29
142, 26
30, 10
50, 25
86, 18
142, 14
8, 74
100, 41
112, 13
88, 29
53, 11
112, 18
136, 13
46, 52
135, 10
105, 57
66, 62
135, 61
10, 32
135, 74
102, 25
105, 11
140, 22
1, 36
139, 8
52, 59
21, 62
66, 24
69, 20
26, 10
112, 46
136, 13
73, 1
41, 32
132, 33
124, 26
42, 67
37, 27
49, 46
126, 31
125, 27
